=====================================Jacobi's method begins =====================================
1.8316200802539207E-5    30
1.910774930676363E-5    33
1.835601518333405E-5    28
1.6603351840366476E-5    35
1.788441533879684E-5    33
1.6122365286456017E-5    34
1.6547449215443024E-5    30
1.794748413902771E-5    21
1.7070677946071664E-5    35
1.8718263532188804E-5    34
1.816392363951371E-5    35
1.915448480003407E-5    31
1.6230092676303716E-5    34
1.7016960905751362E-5    32
1.805895674230977E-5    30
2.050009121628057E-5    31
1.6446321039120115E-5    33
1.9351216668029243E-5    31
1.936319101636166E-5    32
1.8452088398563933E-5    34
1.6324370437451582E-5    33
1.713766784761447E-5    29
1.6210046531654705E-5    36
1.8362839961697664E-5    32
1.9356464768461153E-5    34
1.756762826868036E-5    34
1.9486426618668404E-5    35
2.0863736341972964E-5    31
1.5590126103146623E-5    36
1.7915989709603467E-5    36
1.8570350255359367E-5    34
1.754415643994299E-5    35
1.6845080462687503E-5    30
1.8800466781378876E-5    31
1.7075792692104392E-5    32
1.5783603084618745E-5    33
1.7288668507215697E-5    32
1.651529108812837E-5    29
1.6758750875145303E-5    30
2.0258641563730633E-5    35
1.8226775876792733E-5    32
2.0014625851334477E-5    30
1.674845084259656E-5    33
1.9598588169198334E-5    36
1.651629381966533E-5    35
1.9723684877337162E-5    35
1.9655019339678067E-5    28
1.563302208977023E-5    33
1.7721146528709842E-5    30
1.641309342557259E-5    33
1.639683012506669E-5    26
1.5696892630864823E-5    33
1.8285342514610202E-5    26
2.0639226286359947E-5    33
1.7926156565483818E-5    32
1.5691219428118504E-5    29
1.836080895769016E-5    26
1.844561953000879E-5    33
1.9550588575582685E-5    30
1.9040508144706845E-5    26
1.6422049252369625E-5    28
1.7173087678097133E-5    32
1.984763144735828E-5    35
1.937631984557971E-5    32
1.574936044987141E-5    30
2.061493772956435E-5    23
1.7488019920356684E-5    28
1.6619018828955896E-5    34
1.760381051251036E-5    32
1.5678439357247884E-5    36
1.857690359253229E-5    31
1.788975093685576E-5    29
2.0370251433117748E-5    26
1.6589279433576047E-5    30
2.029483352951337E-5    31
1.8308458747897645E-5    30
1.9535097700307363E-5    28
1.9211880668409647E-5    33
1.902449326469707E-5    34
1.554671645181108E-5    33
1.5858549291536836E-5    34
1.8300608695525022E-5    31
1.6648015304978256E-5    34
1.609609263675516E-5    33
3.013369909539419E-5    15
1.93451162162674E-5    28
1.800952002208705E-5    24
2.029485242437331E-5    31
2.097445763958867E-5    34
1.768580252848412E-5    34
1.6057525314054692E-5    35
2.0298511338369207E-5    31
1.8731608896067475E-5    31
1.7390920466492636E-5    31
2.002146877628177E-5    34
2.0547404546051428E-5    25
1.712844555780104E-5    32
1.6095621097640127E-5    33
2.1004807723799853E-5    31
1.8141262434411128E-5    33
Solution: 0.04736684964912229 0.05894547791679708 0.06947223936484273 
=====================================Givens Rotation's method begins======================================
4.4957297386339585E-6    8
1.0804423423433341E-5    8
9.5013640536161E-6    8
2.2735906199156067E-6    8
7.448925656640289E-7    9
9.279214204555839E-6    8
3.892244402552675E-6    8
1.5484922585188966E-5    7
7.224555314379999E-6    7
7.634950378818801E-6    8
2.379540518783852E-5    7
4.024208491471343E-6    8
8.018187845948748E-6    8
3.1173176971702397E-5    7
2.79635860070666E-6    8
8.242528716895316E-6    8
5.297496503064922E-6    8
2.3635009139436586E-5    7
7.506943408678077E-6    8
7.666872927217986E-6    8
3.5459842567116285E-6    8
8.454997766684008E-6    8
1.573807986340768E-6    9
5.562830314604409E-6    8
6.690050837202899E-6    8
2.7719341253890144E-6    8
9.124753447812293E-6    8
6.320700066238539E-6    8
5.0290742249569096E-6    8
1.0444933975794099E-5    8
2.829968153972241E-6    8
6.417206222296918E-7    9
1.8409841519483497E-5    7
1.5249324070251207E-5    7
2.4725989005748037E-5    7
3.6954503483854694E-6    8
3.227745449872382E-5    7
2.4642010869915037E-6    8
2.64034493189197E-6    8
1.5809991516959328E-6    8
6.828952707858026E-6    7
1.4432460966799391E-6    8
9.097782018599258E-6    8
2.07862079014381E-6    8
1.3969982633932326E-6    9
3.754371486916401E-6    8
6.747623750157951E-6    8
6.240095027795007E-6    8
2.89552481987241E-6    8
1.2999767192958495E-5    7
8.190235977425811E-6    8
7.799201816714285E-6    8
1.680496179150987E-6    9
7.342373841908549E-7    9
2.0062263373778712E-6    8
8.803766518516695E-7    8
7.462705159137614E-6    8
7.278033542319618E-6    7
9.425637129813254E-6    8
6.589179002049346E-7    9
1.9747759403092807E-5    7
6.387555544025642E-7    9
6.846186223765407E-7    9
7.733670883532852E-7    9
1.2103845654543846E-6    9
1.0223836553323186E-6    9
8.975682572243301E-6    8
3.926037042367154E-6    8
8.366096132810379E-6    8
5.028284704116298E-6    8
2.159595786199214E-6    8
1.3610735964659478E-5    7
5.34773207433606E-6    8
1.4315597788164228E-6    9
6.867291982045354E-7    9
1.6166916086002496E-6    9
7.758146692157772E-6    8
8.203770111736301E-6    8
2.9447904416954463E-6    8
1.5442562009703573E-6    9
6.39987697876569E-7    9
7.618572712329364E-6    7
6.231755909210676E-6    8
7.610269165332094E-6    8
7.051680705282548E-7    9
9.734817996327387E-6    8
8.315201569755991E-6    7
3.6595143175192808E-6    8
4.304244628362496E-6    8
2.3910958660652435E-5    7
6.892665108082466E-6    8
1.2431649225801888E-6    9
5.796970122155654E-6    8
1.7296032276313712E-6    8
4.9996697725476456E-6    8
9.57832226346168E-7    9
1.1840327972051642E-6    8
1.0019987433674037E-5    8
1.899681590175568E-6    8
6.70268942721505E-6    8
Solution: 0.04736897024363349 0.05894742269580999 0.06947348757816965 
=========================Ratio of iterations starts here ( N jcb/N gs ) ===================
3.75
4.125
3.5
4.375
3.6666666666666665
4.25
3.75
3.0
5.0
4.25
5.0
3.875
4.25
4.571428571428571
3.75
3.875
4.125
4.428571428571429
4.0
4.25
4.125
3.625
4.0
4.0
4.25
4.25
4.375
3.875
4.5
4.5
4.25
3.888888888888889
4.285714285714286
4.428571428571429
4.571428571428571
4.125
4.571428571428571
3.625
3.75
4.375
4.571428571428571
3.75
4.125
4.5
3.888888888888889
4.375
3.5
4.125
3.75
4.714285714285714
3.25
4.125
2.888888888888889
3.6666666666666665
4.0
3.625
3.25
4.714285714285714
3.75
2.888888888888889
4.0
3.5555555555555554
3.888888888888889
3.5555555555555554
3.3333333333333335
2.5555555555555554
3.5
4.25
4.0
4.5
3.875
4.142857142857143
3.25
3.3333333333333335
3.4444444444444446
3.3333333333333335
3.5
4.125
4.25
3.6666666666666665
3.7777777777777777
4.428571428571429
4.25
4.125
1.6666666666666667
3.5
3.4285714285714284
3.875
4.25
4.857142857142857
4.375
3.4444444444444446
3.875
3.875
4.25
2.7777777777777777
4.0
4.125
3.875
4.125
