=====================================Jacobi's method begins =====================================
Vector: 0.0473556401393581 0.05893525947113902 0.06946374222522336 Error: 2.0219334407409117E-5    34
Vector: 0.04737947647721549 0.05895784302066247 0.06948228420949407 Error: 1.748998661984478E-5    32
Vector: 0.04738177671967344 0.05896002296224717 0.0694840738684464 Error: 2.112951127390055E-5    31
Vector: 0.04735717001256014 0.05893670908702146 0.06946493237701556 Error: 1.779892958795723E-5    31
Vector: 0.04737903657331638 0.058957425919695855 0.06948194183799847 Error: 1.6793777711901606E-5    33
Vector: 0.04738116841930699 0.058959445675514595 0.06948360014909839 Error: 2.016634003139237E-5    34
Vector: 0.047378670708666706 0.058957079052680404 0.0694816571083519 Error: 1.6214774595595244E-5    33
Vector: 0.04738071023412047 0.05895901049398715 0.06948324313585157 Error: 1.9440547761144924E-5    29
Vector: 0.047358415191592854 0.05893788849607236 0.0694659008054302 Error: 1.5829328085803595E-5    33
Vector: 0.04738105843444504 0.05895933817376944 0.06948351276702322 Error: 1.998947027846643E-5    28
Vector: 0.047380786264008615 0.058959081139098056 0.06948330150936637 Error: 1.9559617925441945E-5    29
Vector: 0.04735612477704833 0.05893571884509789 0.06946411933381974 Error: 1.9452451762089573E-5    33
Vector: 0.04735613042520723 0.05893572397031309 0.06946412360223513 Error: 1.9443713287522685E-5    35
Vector: 0.047355590528512265 0.058935212521026736 0.06946370366309117 Error: 2.029777282661971E-5    34
Vector: 0.047357922885275634 0.05893742355658746 0.06946551867305613 Error: 1.6606861510865047E-5    31
Vector: 0.04735508391389885 0.05893473237177442 0.06946330948471678 Error: 2.1099382610881148E-5    29
Vector: 0.04737957629524525 0.05895793679577725 0.06948236141543744 Error: 1.764720564734251E-5    32
Vector: 0.04737907364439317 0.0589574708856922 0.0694819761266836 Error: 1.6861001648545016E-5    27
Vector: 0.04737864704576322 0.05895705683013352 0.06948163881021034 Error: 1.617751100077445E-5    33
Vector: 0.04735675171917061 0.05893631165618381 0.06946460637045748 Error: 1.8461651418632342E-5    31
Vector: 0.0473795586496609 0.05895792053480285 0.06948234794237221 Error: 1.7619688467241128E-5    31
Vector: 0.04737883029711283 0.058957230428410515 0.06948178134705313 Error: 1.6467397478998195E-5    36
Vector: 0.047357534655224964 0.05893705444751743 0.06946521596294028 Error: 1.7222163503984286E-5    32
Vector: 0.04735607851550182 0.05893567493505385 0.06946408330329469 Error: 1.9525707599816005E-5    31
Vector: 0.047381523388748056 0.05895979790841525 0.06948388509232536 Error: 2.0741778064688592E-5    27
Vector: 0.0473794619214787 0.058957830021474 0.06948227332514811 Error: 1.746764890481957E-5    31
Vector: 0.047357049415682834 0.058936597631162796 0.0694648401184702 Error: 1.7987273446577467E-5    29
Vector: 0.04735849858315375 0.058937967533355964 0.0694659656905106 Error: 1.569737689095619E-5    34
Vector: 0.04737926816915214 0.05895764484045143 0.0694821217149403 Error: 1.715972648985181E-5    32
Vector: 0.04737961415720691 0.058957969541466856 0.06948238913630657 Error: 1.7704380161725618E-5    29
Vector: 0.04735655758283755 0.05893612866708149 0.06946445587699711 Error: 1.8767954726390605E-5    36
Vector: 0.04735818878157563 0.05893767414183581 0.06946572477043184 Error: 1.6187374929667434E-5    32
Vector: 0.047378659557706856 0.05895706868255565 0.06948164854202904 Error: 1.61973033461992E-5    34
Vector: 0.04738017971854813 0.05895851032911463 0.06948283182134318 Error: 1.8603416972590104E-5    31
Vector: 0.0473574111152429 0.058936933414840895 0.06946511765533775 Error: 1.7421077571158242E-5    26
Vector: 0.047358439437714096 0.05893791164449412 0.06946591976400159 Error: 1.5790816605669095E-5    34
Vector: 0.04735848910368548 0.05893798062963583 0.06946597054386561 Error: 1.569314789663794E-5    27
Vector: 0.04735641684174641 0.05893599525864798 0.06946434636062333 Error: 1.899066462419818E-5    34
Vector: 0.047358255637633295 0.058937736039492594 0.06946577597684696 Error: 1.608286655210327E-5    30
Vector: 0.047356455186185004 0.0589360320496153 0.06946437644405398 Error: 1.8929600996479706E-5    32
Vector: 0.04735763085425073 0.05893714549699147 0.069465290743139 Error: 1.707005718327529E-5    36
Vector: 0.04737849352904977 0.05895691205208048 0.06948151976265794 Error: 1.593522988846377E-5    32
Vector: 0.04738019095296886 0.05895851955266044 0.0694828397737792 Error: 1.8619952431779646E-5    34
Vector: 0.047356606636666146 0.05893617499074462 0.06946449395116491 Error: 1.8690483508845072E-5    34
Vector: 0.047379491645599354 0.058957857163727215 0.06948229588245704 Error: 1.751378442810731E-5    33
Vector: 0.04735549009303015 0.058935117291284256 0.06946362549520918 Error: 2.0456726293481254E-5    36
Vector: 0.04735561263362552 0.058935233652196564 0.06946372096241873 Error: 2.0262638660306725E-5    31
Vector: 0.047357342184287075 0.0589368719703913 0.06946506617464258 Error: 1.7526760761016687E-5    35
Vector: 0.04738130108070085 0.05895957126901721 0.06948370329182801 Error: 2.0376128475297427E-5    34
Vector: 0.0473570639458436 0.058936608156689184 0.06946484962634003 Error: 1.7967109993242856E-5    32
Vector: 0.047378424494405984 0.058956859146772095 0.06948147298499058 Error: 1.583691035748994E-5    27
Vector: 0.04735580997633063 0.058935420249467484 0.06946387426593674 Error: 1.995076596391499E-5    32
Vector: 0.04737855520847474 0.058956969700795246 0.06948156730534046 Error: 1.603211998452424E-5    34
Vector: 0.04738176811244623 0.05896000161622936 0.06948405986725947 Error: 2.1104404249196702E-5    27
Vector: 0.0473552504924632 0.058934854407881654 0.06946341924372182 Error: 2.0867048768087474E-5    25
Vector: 0.04737969656120193 0.05895803672577732 0.06948244720677986 Error: 1.782526079917324E-5    26
Vector: 0.047357767562524536 0.05893727501802323 0.06946539708558273 Error: 1.6853785212979055E-5    36
Vector: 0.04738017946677034 0.05895850866219572 0.06948283083440454 Error: 1.86017742206103E-5    34
Vector: 0.04735796346422677 0.05893739419757538 0.06946551268598575 Error: 1.6601810218637457E-5    24
Vector: 0.04738014590990634 0.058958476811138326 0.06948280469889478 Error: 1.854863651293462E-5    34
Vector: 0.04738009392582612 0.058958427941268016 0.0694827644727238 Error: 1.846673001874899E-5    33
Vector: 0.047358390681992824 0.05893786537345111 0.06946588179444564 Error: 1.5868016434435824E-5    35
Vector: 0.04735676533253727 0.058936325524958186 0.06946461749783991 Error: 1.8439269074648458E-5    34
Vector: 0.04735614935181175 0.05893574162114227 0.0694641381693546 Error: 1.941401605076123E-5    32
Vector: 0.0473785078806371 0.05895692784127622 0.06948153214052573 Error: 1.5959843968530466E-5    29
Vector: 0.0473582712029563 0.05893774471240026 0.06946578472073336 Error: 1.6063534967294193E-5    28
Vector: 0.04735766263152381 0.05893717547319452 0.06946531538976626 Error: 1.7019899285372322E-5    33
Vector: 0.0473811353499871 0.05895941405122099 0.06948357426260529 Error: 2.0113768754818323E-5    32
Vector: 0.047358123463626334 0.05893761222791229 0.06946567394439583 Error: 1.629073378929894E-5    34
Vector: 0.04737896254205751 0.058957355235784006 0.06948188394896823 Error: 1.667618596417153E-5    30
Vector: 0.04735524081785003 0.058934880860475616 0.0694634314448716 Error: 2.0851305993432175E-5    32
Vector: 0.047379003464931055 0.05895739450499337 0.0694819160576945 Error: 1.6741359474765724E-5    35
Vector: 0.047381372261944193 0.0589596518225504 0.06948376592549128 Error: 2.050016467371405E-5    27
Vector: 0.047380364505225925 0.05895868536011355 0.06948297554036229 Error: 1.8895713262607605E-5    30
Vector: 0.0473808616435394 0.05895897022960642 0.06948325916689499 Error: 1.9520503408377253E-5    23
Vector: 0.047381703404782885 0.05895995217383761 0.0694840161028978 Error: 2.101237047076353E-5    32
Vector: 0.04735860003813528 0.05893806378987925 0.06946604468515696 Error: 1.55367575406866E-5    34
Vector: 0.04737912217310131 0.05895750694319652 0.06948200838215093 Error: 1.6929130036889158E-5    34
Vector: 0.047356236583526376 0.05893584518418622 0.06946421760984094 Error: 1.9257798518817928E-5    25
Vector: 0.04735749495395847 0.058937016628589876 0.06946518496669382 Error: 1.728514926550129E-5    33
Vector: 0.04737996335474517 0.05895830417902567 0.06948266287339526 Error: 1.8260118494700015E-5    33
Vector: 0.04735741467105306 0.05893694068920337 0.06946512258432673 Error: 1.7412049567855858E-5    35
Vector: 0.047356807200349293 0.05893634057650637 0.06946463643319259 Error: 1.8394488164990182E-5    25
Vector: 0.04737892866932854 0.058957323625751054 0.06948185786698179 Error: 1.6623019253126064E-5    34
Vector: 0.04735833761787868 0.058937815081985256 0.06946584050752305 Error: 1.595197857808187E-5    33
Vector: 0.047357759647060765 0.05893726754090545 0.06946539094060881 Error: 1.6866288104311503E-5    34
Vector: 0.047356905610719514 0.05893645869912875 0.06946472676728041 Error: 1.8217113503244057E-5    30
Vector: 0.04735765603744631 0.05893716924472438 0.0694653102708602 Error: 1.7030314596203906E-5    33
Vector: 0.047356378673661124 0.05893595684987913 0.06946431542584283 Error: 1.905300433950936E-5    30
Vector: 0.04735666104051091 0.05893622669023561 0.06946453635706831 Error: 1.8604281054807347E-5    34
Vector: 0.04738127401944307 0.05895954561730426 0.06948368223416444 Error: 2.0333306201319332E-5    34
Vector: 0.04735842381213801 0.058937913451112114 0.06946591680879231 Error: 1.580106970301722E-5    27
Vector: 0.04737930975923781 0.05895768466925767 0.06948215430250275 Error: 1.7225892333170017E-5    36
Vector: 0.04737906424766377 0.058957246991585825 0.06948184974734793 Error: 1.6659524238637548E-5    22
Vector: 0.04735676614361657 0.0589363170505702 0.06946461300975826 Error: 1.8446039603729465E-5    28
Vector: 0.0473815301627413 0.05895978830801555 0.06948388149019274 Error: 2.073853593279478E-5    35
Vector: 0.047381675727091094 0.05895992610294646 0.06948399465702183 Error: 2.0968716615741614E-5    33
Vector: 0.04738002049468279 0.058958352057629934 0.06948270385582737 Error: 1.8345062815880726E-5    27
Vector: 0.047378296584476384 0.05895672829165458 0.06948136813107597 Error: 1.562613010045955E-5    28
Vector: 0.04735697524512958 0.058936524473778736 0.06946478082428004 Error: 1.810712535170213E-5    33
Solution: 0.047368042768582745 0.058947005454267745 0.06947338742015888 
=====================================Givens Rotation's method begins======================================
Vector: 0.047369082285877315 0.05894861385650666 0.0694731524405809 Error: 1.5070229428458716E-6    8
Vector: 0.047364779409567466 0.058945443063508365 0.06947537943093376 Error: 4.45447394307267E-6    8
Vector: 0.04736606044097382 0.05894646703523162 0.06947469642753416 Error: 2.7220519958389978E-6    8
Vector: 0.04737273582871103 0.0589466947527728 0.06947241436890313 Error: 4.547924726180738E-6    8
Vector: 0.047363764586149444 0.0589477588357502 0.06947513876234597 Error: 4.893957982186527E-6    8
Vector: 0.04736911738726084 0.0589452383403403 0.06947398461916131 Error: 2.2610553077967874E-6    8
Vector: 0.047368217161515354 0.058948060965984664 0.06947357903799872 Error: 7.295555706874877E-7    9
Vector: 0.04736899936292679 0.05894787967515582 0.06947336362690212 Error: 8.358214017784454E-7    9
Vector: 0.04737360698182945 0.05894723442705416 0.06947198906595997 Error: 5.45759389637367E-6    8
Vector: 0.047369058466769615 0.05894776798936623 0.06947337184706857 Error: 8.145689352850362E-7    9
Vector: 0.047366800429058775 0.058947273374969605 0.06947424817990469 Error: 1.718579640976485E-6    9
Vector: 0.04738531868740629 0.05893749015119849 0.06947052123306495 Error: 1.9827120383747657E-5    7
Vector: 0.047376063903488384 0.05894524732769587 0.06947166686691325 Error: 8.18424593353605E-6    8
Vector: 0.04737201565256074 0.05894815536548258 0.06947228927444245 Error: 3.9352607111336446E-6    8
Vector: 0.047372986429773674 0.058945070706294844 0.06947273684683507 Error: 5.1980438167819916E-6    8
Vector: 0.04736096959183585 0.05894682083222849 0.06947630492799761 Error: 7.917845766055888E-6    8
Vector: 0.04736943256034751 0.058947795234227204 0.06947324033799404 Error: 1.184204446147254E-6    8
Vector: 0.04737097480252091 0.058944317101361346 0.06947359579048604 Error: 3.9799508111504775E-6    7
Vector: 0.04737435642628936 0.0589482920379165 0.06947147484842442 Error: 6.400235110208314E-6    8
Vector: 0.04736896483390181 0.058947898872941856 0.06947337033713061 Error: 8.219451229645403E-7    9
Vector: 0.04737515690949651 0.05894803101269243 0.06947127327699473 Error: 7.184942301759294E-6    8
Vector: 0.04738849311715782 0.058935889293687566 0.06946986330419216 Error: 2.3436242544898503E-5    7
Vector: 0.04737479253041941 0.05894802536989127 0.06947139614738737 Error: 6.801657438092831E-6    8
Vector: 0.04736250118002058 0.05894636409213169 0.0694759085836269 Error: 6.403233870669237E-6    8
Vector: 0.04736326684601303 0.05894584528779326 0.06947578306271401 Error: 5.769831999141546E-6    8
Vector: 0.047374378642601925 0.05894278098286305 0.06947284520675027 Error: 7.56580430186964E-6    7
Vector: 0.04736448023307328 0.05894584623038038 0.06947537836471382 Error: 4.551624066725614E-6    8
Vector: 0.04737109082606657 0.05894944390259234 0.06947227541566307 Error: 3.6633341074105474E-6    8
Vector: 0.04737149368898492 0.05894796118204594 0.06947251180816022 Error: 3.3417042153762587E-6    8
Vector: 0.047368504783163186 0.05894807574964695 0.06947347946820054 Error: 7.411099528614817E-7    9
Vector: 0.04735816770259507 0.05894910275250902 0.06947666841100773 Error: 1.0818712727727396E-5    8
Vector: 0.04736896354297487 0.05894779637698312 0.06947339639142927 Error: 7.485197950830285E-7    9
Vector: 0.04737467259550556 0.05894604476512517 0.06947193127688353 Error: 6.626207789944549E-6    8
Vector: 0.04736844510220516 0.05894674611010817 0.06947383177173791 Error: 6.400184409502177E-7    9
Vector: 0.04736180194231065 0.05894745277569178 0.06947586949197351 Error: 6.971025186391026E-6    8
Vector: 0.047373819156005054 0.05894797133449827 0.06947173411437377 Error: 5.771126376870227E-6    8
Vector: 0.047372278766427585 0.05894524950958801 0.0694729280337938 Error: 4.4658196087138926E-6    8
Vector: 0.047366586648863236 0.058949304044805396 0.0694738117725109 Error: 2.6698218213019945E-6    8
Vector: 0.04737100847249694 0.05894881170907456 0.06947246091523239 Error: 3.205350721842826E-6    8
Vector: 0.04736964848663606 0.05894767143357111 0.06947319931272854 Error: 1.3540814953284592E-6    9
Vector: 0.047365959474297774 0.05894977658695637 0.06947390269516165 Error: 3.450560309467294E-6    8
Vector: 0.04737713275857386 0.058945068941960235 0.06947135517831866 Error: 9.306224559151495E-6    8
Vector: 0.0473643089083622 0.0589456797917252 0.06947547708261463 Error: 4.7932859108067305E-6    8
Vector: 0.047347595116998105 0.0589592475117474 0.06947765641639711 Error: 2.4302485679951516E-5    7
Vector: 0.04737531721588117 0.05894765109238126 0.06947131482161097 Error: 7.297326529431602E-6    8
Vector: 0.047358556984401154 0.05894965876992093 0.06947639964605272 Error: 1.0484232451214295E-5    8
Vector: 0.0473630380002208 0.05894620953171632 0.06947576828366399 Error: 5.887583425668942E-6    8
Vector: 0.047375100229845105 0.05894304175731309 0.0694725394840567 Error: 8.040014058131997E-6    7
Vector: 0.047365285327040964 0.05894609388477746 0.06947504808645866 Error: 3.6492979126413644E-6    8
Vector: 0.047370459949943024 0.058948825081273984 0.06947264041303383 Error: 2.71449340621673E-6    8
Vector: 0.0473786835332824 0.05894252457739106 0.0694714743445581 Error: 1.156135105096678E-5    7
Vector: 0.04737011727012131 0.05894851426528337 0.06947283234363873 Error: 2.2171580836186142E-6    8
Vector: 0.047373515893946366 0.05894728323857332 0.0694720072257079 Error: 5.364414428324818E-6    8
Vector: 0.047372295670644896 0.058948842648112246 0.06947202411442364 Error: 4.4656387272709045E-6    8
Vector: 0.04736691639705978 0.05894714497033236 0.06947424162506366 Error: 1.6200708566527387E-6    9
Vector: 0.04735936869966755 0.0589476661566453 0.06947662722761616 Error: 9.523396991601134E-6    8
Vector: 0.04735933580438968 0.058949531536439066 0.06947617184776035 Error: 9.664840547061642E-6    8
Vector: 0.04738310926793664 0.05894096556689501 0.06947038885229738 Error: 1.6358471691099277E-5    7
Vector: 0.04735904624745022 0.05894796454547723 0.06947666011448062 Error: 9.85384903797838E-6    8
Vector: 0.047369807170629954 0.05894753003895291 0.06947318176671846 Error: 1.483203705211971E-6    9
Vector: 0.047367902782268975 0.058946846370187087 0.06947398748003024 Error: 7.956844016201572E-7    9
Vector: 0.04737090700926838 0.05894191443831408 0.0694742190539987 Error: 6.017637879802988E-6    7
Vector: 0.04737202441141141 0.058948407230855114 0.06947222338848243 Error: 4.024589587252174E-6    8
Vector: 0.04736611854065806 0.058948810838677215 0.06947409111011135 Error: 2.7473072751751285E-6    8
Vector: 0.04736343197039394 0.058946395550483366 0.06947559045558119 Error: 5.428737323511233E-6    8
Vector: 0.047359842665916425 0.058948680952735893 0.0694762155398439 Error: 9.039860959572081E-6    8
Vector: 0.04736517893103386 0.05894687007593847 0.0694748895040041 Error: 3.4946291183470475E-6    7
Vector: 0.04736726030998906 0.058946862039320376 0.06947419772017356 Error: 1.3665423882015578E-6    9
Vector: 0.047360057202906945 0.05895174767127554 0.06947537734787881 Error: 9.591586356050757E-6    7
Vector: 0.04737493098702106 0.05894674083135705 0.0694716711298204 Error: 6.842923973697332E-6    7
Vector: 0.047371236474372934 0.0589490120811302 0.06947233482159315 Error: 3.528323755726762E-6    8
Vector: 0.047363765477289516 0.05894843524061417 0.0694749693640833 Error: 4.946120237880058E-6    8
Vector: 0.04736818689106109 0.058946819682627764 0.06947389944898937 Error: 6.342500264051812E-7    9
Vector: 0.04736573376805138 0.05894586257806117 0.06947495643280092 Error: 3.3328082822050106E-6    8
Vector: 0.04735958190162656 0.058948328542720474 0.0694763905637777 Error: 9.293910480948485E-6    8
Vector: 0.04736331486529839 0.05894718796527915 0.06947543138691409 Error: 5.399846173530879E-6    8
Vector: 0.0473552352129593 0.05895036143079439 0.06947733123798164 Error: 1.4004473729394747E-5    7
Vector: 0.04736831434396249 0.058946804812383465 0.06947386068224998 Error: 6.001530981929007E-7    9
Vector: 0.04736723006748193 0.05894672523286823 0.06947424200262231 Error: 1.4639906726447673E-6    8
Vector: 0.04736646295083945 0.05894697410287261 0.0694744354906687 Error: 2.134027016651109E-6    8
Vector: 0.0473675015332273 0.05894682034120602 0.06947412773695608 Error: 1.1587161632622976E-6    9
Vector: 0.047370360672915925 0.05894547719727497 0.06947351047637595 Error: 2.7145971670997998E-6    8
Vector: 0.04737553050911571 0.05894812884057227 0.06947112428681837 Error: 7.594459739574599E-6    8
Vector: 0.047366642666108856 0.05894596751599397 0.06947462723229857 Error: 2.4524444276125928E-6    8
Vector: 0.04736789041233909 0.05894684774179109 0.0694739912604392 Error: 8.04341757224523E-7    9
Vector: 0.047360471282945675 0.05894816926328561 0.06947613392319671 Error: 8.357109458931758E-6    8
Vector: 0.0473744649967928 0.05894773500748414 0.06947157791586471 Error: 6.410937828211302E-6    8
Vector: 0.04736438914645274 0.058946913258027006 0.06947514197000901 Error: 4.311438683811549E-6    8
Vector: 0.04736499852105485 0.05894933322590855 0.06947433385317126 Error: 3.99952698224197E-6    8
Vector: 0.04737302895133791 0.058948726225522566 0.0694718087931734 Error: 5.1568938047987916E-6    8
Vector: 0.04736742025469569 0.05894630704248131 0.0694742831544811 Error: 1.576976487185142E-6    8
Vector: 0.047371446249519375 0.058945731594095635 0.06947308501830296 Error: 3.4914252129458136E-6    8
Vector: 0.0473729593905964 0.058945218230934564 0.06947270897873423 Error: 5.11575078312684E-6    8
Vector: 0.04736722088968082 0.058947195291785395 0.06947412754716006 Error: 1.2910895485540186E-6    9
Vector: 0.047369605499594104 0.05894935226691225 0.06947279343340723 Error: 2.476296201517718E-6    8
Vector: 0.04736437127741766 0.058950076816674975 0.06947435703669205 Error: 4.9182091435520525E-6    8
Vector: 0.047367050939694955 0.05894930172627988 0.06947365758853172 Error: 2.3697230410774603E-6    8
Vector: 0.04736913223075721 0.05894794791744275 0.06947330227705359 Error: 9.93712015688551E-7    9
Vector: 0.04736784917156048 0.05894679214887866 0.06947401890559352 Error: 8.781562309698364E-7    9
Vector: 0.04737725150635959 0.058946022858019156 0.06947107711670869 Error: 9.305073406127583E-6    8
Solution: 0.04736854109188452 0.058947110065346066 0.06947370878636863 
=========================Ratio of iterations starts here ( N jcb/N gs ) ===================
4.25
4.0
3.875
3.875
4.125
4.25
3.6666666666666665
3.2222222222222223
4.125
3.111111111111111
3.2222222222222223
4.714285714285714
4.375
4.25
3.875
3.625
4.0
3.857142857142857
4.125
3.4444444444444446
3.875
5.142857142857143
4.0
3.875
3.375
4.428571428571429
3.625
4.25
4.0
3.2222222222222223
4.5
3.5555555555555554
4.25
3.4444444444444446
3.25
4.25
3.375
4.25
3.75
3.5555555555555554
4.5
4.0
4.25
4.857142857142857
4.125
4.5
3.875
5.0
4.25
4.0
3.857142857142857
4.0
4.25
3.375
2.7777777777777777
3.25
4.5
4.857142857142857
3.0
3.7777777777777777
3.6666666666666665
5.0
4.25
4.0
3.625
3.5
4.714285714285714
3.5555555555555554
4.857142857142857
4.285714285714286
4.0
4.375
3.0
3.75
2.875
4.0
4.857142857142857
3.7777777777777777
3.125
4.125
3.6666666666666665
4.375
3.125
4.25
3.6666666666666665
4.25
3.75
4.125
3.75
4.25
4.25
3.375
4.5
2.4444444444444446
3.5
4.375
4.125
3.0
3.111111111111111
4.125
