=====================================HH method begins =====================================
1.9526548906936288E-5    33
1.5928458615799177E-5    33
2.0603364277335255E-5    33
1.5876580086935025E-5    33
1.669224746565904E-5    30
1.75824816187864E-5    32
1.9057678892294544E-5    31
1.9923037978747407E-5    33
1.852070303431397E-5    26
1.9751222611964745E-5    29
1.9541931937751373E-5    36
2.0497204848444814E-5    24
1.6074255896048325E-5    34
1.6225704374717002E-5    27
1.62249220969819E-5    33
1.920404200641577E-5    35
1.859063553578257E-5    29
2.0463813472030964E-5    22
1.5851585426617168E-5    34
1.559351741134404E-5    33
2.0048425414956302E-5    17
1.682856545108055E-5    29
1.7320593714720267E-5    31
2.006442260130488E-5    27
1.887716208593247E-5    28
1.7984729441116724E-5    30
1.8421708404318884E-5    32
1.7772502419687775E-5    29
2.0068761930661327E-5    24
1.8767273816534427E-5    32
1.948857439130226E-5    29
1.580814016868892E-5    35
1.996015237785477E-5    30
1.7980255772098502E-5    35
1.60523409078614E-5    33
1.6137060837206243E-5    29
1.824018930083351E-5    34
1.8431218138491998E-5    32
1.7998442091574614E-5    35
2.033834366350558E-5    32
2.0684870257111447E-5    31
1.8849993260129874E-5    25
2.0025158993381936E-5    28
2.027159355738179E-5    31
1.9968738179102116E-5    32
1.882918877929581E-5    23
1.6920076910353476E-5    30
1.615936645393808E-5    33
1.8633251699851024E-5    35
1.6205107942471142E-5    36
1.784442235679983E-5    27
2.0704384720364104E-5    35
1.9034932288047856E-5    33
1.79145629222931E-5    36
3.214754323771489E-5    14
1.6692141575768377E-5    24
1.7069923564172763E-5    33
1.9361110709023427E-5    35
2.0878630896650696E-5    32
1.6641398693450384E-5    26
1.8662287684052943E-5    31
2.0692273916770455E-5    32
1.9424320428064086E-5    31
2.084211463682123E-5    32
1.946996336896862E-5    35
1.637756408868654E-5    36
1.694214083645341E-5    33
2.0232238758915893E-5    33
2.083720858125284E-5    31
1.8225459681981342E-5    33
1.8004414341620512E-5    36
1.8858748472795743E-5    34
1.6017034252397752E-5    35
1.9485232255867876E-5    31
1.725012209502622E-5    33
1.8039575115384025E-5    32
1.937376385184604E-5    33
1.583966247461464E-5    34
1.8826887934623617E-5    18
1.994871958649041E-5    33
2.0708418738020348E-5    30
1.833195192086185E-5    24
1.9070393263159466E-5    31
1.9645930246390917E-5    35
1.890787109796797E-5    29
2.0153152187656925E-5    30
1.5834838538334134E-5    34
1.9656265465383047E-5    32
1.8599206704942336E-5    33
1.6474027207437568E-5    30
1.8929670610186493E-5    36
1.7688605607378967E-5    35
1.6939118800090687E-5    33
1.6795225992240493E-5    34
1.5627694923824083E-5    33
1.9792780428420205E-5    34
1.803720103676628E-5    30
1.8391602918809947E-5    32
2.101128323181503E-5    35
1.6120018403322433E-5    36
Solution: 0.0473677525247336 0.05894632018169852 0.069472934417173 
=====================================GS method begins======================================
2.3103839218993894E-5    6
3.4498760086985803E-6    8
9.208610302484738E-6    8
1.8643595868412897E-6    8
9.541437382596183E-6    8
7.984094915365614E-7    9
1.1928706746289846E-6    9
7.219828981320221E-6    8
4.424467646479403E-6    8
8.067450505432214E-6    8
1.692598107166347E-6    9
6.300101316845316E-7    9
1.093332973222196E-6    9
2.0370219267452622E-6    8
9.533839302887091E-6    8
9.36059901105397E-6    8
1.0383087310867939E-6    9
1.0502404099057153E-5    8
1.7667758890670766E-6    9
9.711390618067369E-6    8
1.1060100554773516E-6    9
9.810688360967659E-6    8
4.389474716720146E-6    8
5.509603536174931E-6    8
2.1387801180426666E-5    7
9.20282731056165E-6    8
7.080737599905274E-6    7
1.0083559537652604E-5    8
3.5773224462459436E-6    8
4.67557628392038E-6    8
1.0745760303224638E-5    8
9.283604443642338E-7    9
9.693191725867253E-6    8
8.635538758386839E-6    8
7.260771138108053E-6    8
6.808682242467295E-6    8
7.924219678357088E-6    8
1.1466944479357253E-5    8
3.4868454215940942E-6    8
7.218665599468724E-7    9
4.199009359334255E-6    8
1.1565852337164688E-5    8
6.276742462945801E-6    8
3.5929069159353494E-6    8
2.876985186609913E-6    8
8.202012909205597E-6    8
8.86972720290964E-6    7
6.2362712323033985E-6    8
7.163763293242729E-6    8
1.3168992512772267E-5    7
2.8666132819076917E-5    7
7.894294480164287E-6    8
8.04570722918781E-6    8
7.662342210355426E-6    8
7.351024938018214E-6    8
2.218198342361471E-5    7
2.975495503365609E-6    8
9.333710065437306E-6    8
1.2008500551797897E-6    9
9.236943909680938E-6    8
8.051710593890133E-7    9
1.881108675395405E-5    7
2.9983118546158588E-6    8
1.0298720916470173E-6    9
6.103886280117285E-6    8
7.571411009873156E-6    8
1.8686430591722523E-5    7
3.709498972521644E-6    8
8.67544849854248E-6    8
4.5782949936612725E-6    8
2.1687442801402252E-6    8
2.4096167675073237E-6    8
9.62796112635824E-6    8
2.818531536859126E-6    8
1.1228333335626363E-6    9
6.340048992766559E-6    8
1.5116588042459541E-6    8
1.4261172687842207E-5    7
8.061341033567962E-6    7
3.724089117511931E-6    8
6.714660549872865E-7    9
6.702019961117205E-6    8
1.7367316885368604E-5    7
5.916150596887867E-6    7
1.3293587832668025E-6    8
9.47357442579458E-7    8
7.797775847872686E-7    8
8.979445423703263E-7    9
8.567504754331435E-6    7
6.402993715172309E-7    9
1.2091082779486109E-6    9
3.4008579137633504E-6    8
1.2306880753207612E-6    9
2.2007002893710627E-6    8
2.699730092213408E-6    8
4.196499064180547E-6    8
2.0292670043558537E-6    9
8.22729602592997E-7    9
3.204436083457599E-6    8
1.3416056417663481E-5    7
Solution: 0.047367949807210236 0.05894775790126222 0.06947374392228102 
=========================Ratio of iterations starts here ( N jcb/N gs ) ===================
5.5
4.125
4.125
4.125
3.75
3.5555555555555554
3.4444444444444446
4.125
3.25
3.625
4.0
2.6666666666666665
3.7777777777777777
3.375
4.125
4.375
3.2222222222222223
2.75
3.7777777777777777
4.125
1.8888888888888888
3.625
3.875
3.375
4.0
3.75
4.571428571428571
3.625
3.0
4.0
3.625
3.888888888888889
3.75
4.375
4.125
3.625
4.25
4.0
4.375
3.5555555555555554
3.875
3.125
3.5
3.875
4.0
2.875
4.285714285714286
4.125
4.375
5.142857142857143
3.857142857142857
4.375
4.125
4.5
1.75
3.4285714285714284
4.125
4.375
3.5555555555555554
3.25
3.4444444444444446
4.571428571428571
3.875
3.5555555555555554
4.375
4.5
4.714285714285714
4.125
3.875
4.125
4.5
4.25
4.375
3.875
3.6666666666666665
4.0
4.125
4.857142857142857
2.5714285714285716
4.125
3.3333333333333335
3.0
4.428571428571429
5.0
3.625
3.75
4.25
3.5555555555555554
4.714285714285714
3.3333333333333335
4.0
4.375
3.6666666666666665
4.25
4.125
4.25
3.3333333333333335
3.5555555555555554
4.375
5.142857142857143
